138
120212100901100802080506031910
090202040912020109100607030808
100311020106110105140300
070212100505120104071205
110309050501050307140300120208
060200100512140200060100130205
032205090312010205030102060500
060100040206050606070805
080405140200120211060300070503
130308031408110109050605
070808050602090102110209110312
071211050606110301130301070507
080403130211031604130210034303
060600060100100703010110070305
034406090102071209130209
130107140200120208080507
080607060600090402090604080512
010105010210080201032707130211
090407050303130203020111
050608071507090502130208080212
140300120102120112110302050406
140300101506060200070912033910
010305090512033102100305
120305071209060300120110
080201031407020105130209
060200130311020107130203
033806020111060600120104
140100060600120306060200080306
070208040506110308071108
060300030803034308060600
090603071003080407050611
130211040408080409010212
050202050312120108100303
130301101011071303060500
020107030207090311020111
020102130201130101010210020104
080311050404120107110211050408
040105130111060200032208
101506070209040109080408
100402040203060100120204
040702070407120208120208
090211090504140300034308
030411110103090411080306040103
050604060600040210040503
090208030106010108010312
080205071001080406010302110206
120201010312070410090402020112
010109120308010207120308
050504080101130112010308
120301120309110208130211101904
020111080109140200110104
020105020106060500060400
110102090508130209070401040905
080210031902060600080504090510
100809080403120110040109
010209040501090406040104
120107010302010102010212060500
080507010107130306050603
090108040108050409060300120206
140100040104140100020109034204
080305033305100802100706
130203060300120207090603
130310100604010201130302060200
080112010107032006031703
031009090211070101110308120308
120205100704010209050308050512
040709140200130301120207010112
090303140100050406080510
110109110101090410060300060100
140100080612050203080212
090506101111010308020102020108
090411140100080205031912140100
070208060400100805040705080205
140100050202034407120306020103
110103031811130207060600
110105060600101602090107
130307020105080501130311
040312030502010107120309033705
130206070406070701120212
010106101108060300130111080505
130101080609110310040706140200
020102130302031305071207140300
120105071409140200090301090309
101807120305090211110308
031608010104060600120207
130209040306071411120301101010
020108110102070106140200040805
110306090604010304030311050507
020111070709020108060100
130209080302090207140200090412
050603060500050507130309
010306130110101202060300
010202130304030811040602032608
030607101906050608070412060500
110201010301130210071304140300
130201140100090607080603
060100020102060500140100
090305140300060600100105101411
100406130301032204140100110103
010305110212070105120207110310
080412030911070905080302120206
071103110301034308130204140300
100805100109010105040803
060400130301080206120110080409
030501060300140200140200090611
090102080309040403040806
130208100906120312130309100809
050108030606020112060400070512
070604110206050301040610110209
010205120306010310090503
020109031301010109020109
020106010101090607070507
010301140100040110120206120303
140100080111090401040204140200
010209031408020107031003
070404060200140200060300
090601040112130312080503070508
070108080403090308101907
071409090509130109090206
030301033011030802060500080104
071306140300010109090501010110
050212071003080412010106
110304010208140300050309
010205071111060300071107
050108101403090111140200090611
090112060100060600071102020105
140200080210110311120208080605
020104070907140200020107
090106080404120305090301010103
032002100301110102040911140200
050105080312110105090206
071409010110050505120103
031305090505010212040309010106
010109120304032203070803
060500050306080208110301110205
080405080109130105060400
140200130303080504101106070703
020105020106020109010112130111
