13
301410602000201090101011602000501070112090
122070102020101011122060201030133040402040
123010501012408010901011803011143000143000304260305060132020
701390141000106030704011701010201020902050505012306040
904012805020132010806040201020
123090101670143000201010506040
102010102012701012605000504070121040404010504040131030143000
123010101020904010201012
121050404040123011409020605000121050201010
802080605000705020132090903070504090
701110606000804030304510201010902011802011705050141000405012
102010307040143000408012603000401090
605000122080603000303312121060123060603000505080122011104012
